$ANSIBLE_VAULT;1.1;AES256
63613139663830383064643939626533656536323664396530373164643131303962353538613431
3864353564316635363333303065396333393165313536610a356331646631333165376435333561
33366439653231623466313833333131353866343333386133633839373264353066373432323265
3330313139653434390a363033393734393964363364346161623236656362383030613736313133
31303735393436396466643732313034303463613162393761303832313832326337636132636165
63303539633832663430653932343165386337393934323861343237646464333164643163366534
61366434663433386536316630653431306636376563646461333636613738663939363837653864
36356561643336616562643630663764646331323637343237633066336538323736666561316465
65643137613435346437626637663063646138663032363663323830343465363861653763663631
37636335356636643266656639336230393561663735313039373163336634386366633838383436
33363533613436376362636361366530626630353337333931383632653065623261306435343838
31316664646563663739653734626637383337363330623938616533633736333561343463616462
30326262353130316334343062383130336435346566636630303837613032373762633636656139
36383966633263383861343831643038326363623437313436643738343364616565663065303965
37393936663633316236626339376532363264333831383132356262643532613732383430633738
63386565303437366231643336643031343333656637663738303436376237653335633466333564
36393236323032356361366431663633636331323531373661616637353238623830306465343830
39383137363764666161343432336136366565376666366531653639633263336566396431666538
31396439353739373764666639393861666236353233643739633432656162333164323932303038
36653264346239306139613831386339366663623733343064663466316132343636646364316235
31303962346238656366366235343563363463623961393838633934373135353437633731303336
36306666646563343363386438633835663166333337643433646432353438313464396562643462
36353434663831646464636336343733386634396238373765306335356636396636306562336164
33636266393938393930306435303730336332343963363736666131376139633039643733373362
38383338323734316538653962303531393561633664653264373838303964643061666236346363
39396435373038383535323035643830343137353736646433306666386236643637313831396539
36636465346166376662626631356565356635303130623831643938303161363935333831643539
30613063363738646463616363316166366662373762336131343336363132343132636336386664
33636363656662633031306531653266376563613161353562363333303733626533353837363433
39633235386461653562356634393961643261623961613863333865363635633931363463636333
61326436316131636337343564663438306539376230656462626635386664356536363234343064
34653731333336623230656430633037353764393630643938653833643438333366366234636437
62383666633137366633333439353161643232613366333736616536633835653035386534333464
37376233376531383832373566643435313030373765343439643463383039393330366236356366
30333430353337643933663039393538363138656437373834656130323765656164323665666563
33376139623263633439346366393730656130656134343935616437313166313738313766323739
35313337663134623166323136383266336237663638383066646435323035653831313062643534
32633536636662646433666139613863336366353264333638366534373430376532366335353464
34636264383966373136326565633164313839326638646139323437316265303737633361643663
64333361656634326662633361376563623631356636383764336439393835303137303766633633
63613566653533363435386465353030303132393639393931636137313765643166333632633237
30636661353065663639643538303236376636303335323364663531656161626563386239306134
61323536336165663964393162626233636433653638396239653762646566343961353534353061
65383730633735396332346164303666393866633734663035613363353036306130333531346135
31303435366364643666326263336636353734623534643861353238323538323866386138623936
66353630393733663064343132346666393136633636303165363733366537313034336238363461
34636161633064633836626664666665393432653034653861356363356133666233663062323361
36316263356330326665363631363862626234633831333637623064303863366466343164373333
36346431363161653530383863303563393133646461323064666333373733343531643362383033
33366534393335633232333863343261333831346435386463353630613064653131663935333962
61613339326561383837336430306132393666313162393630373534636336343233316335326364
37396336323934346462636563633265363566343637303237613534613434636132363132353765
66306231643433326333636436323763363563386566633536633636303730656562393734623263
39346238616361623165633030336538336333333331366239363962313630343839663532383531
30363430613238636235356333343266376238636634326237653731626239393861393831636263
32303138633334353938303762616563386166356231326338343131643835336363383034333630
61323130613363306664396330306663303432666430333063386537383735343061663531373134
65613866336234376231616631323138613362353166626466393432656662383462313661303461
66313035366238656364643838626664623861313235323839663865393161663230376433303134
66363335393564356532303434386230613562643565623337656435616630613137343638383163
65303165656464313436643737346330333630383930313532646666303932393538386339326438
35666365386430336434323335653538646161303065616662353565366132363535376565303665
36633032393466386466326666376434313566346462646532326530306664376436366338653162
38653634633261326366636230643064326231623666303763343462326132373134323339366132
65336236643663336634623832313633386661336164663137613639626664393738663962353164
31373365646632626132303962663438346338386263353966396233333661316132643837316666
30646430613565376139656664373365313736303331373135653663373531653332316165666538
37316466313064653862656166666165633338396464323265616463623530356537336634366531
61313165323230313663386431393232343536336636623066396564636137636138353934643039
33623164343763333735393030396165386239343635323965396366633736363735366537626434
34326437303832323732383061386461336634623666396130326465383930323961666564356539
38633364336162303862336465316235653061336238643136666462653666633030336430366366
36396134653162626661373365373731633332346362353466643630383537343162623037333565
37306664306565626630376132373463633762363635343637616633363438656631633337383636
32656437613361396462323433373066616162633061323332343566663633363961656563663463
63303639323466323037306632616665356437653363303330636334396231666438353137626436
30313437376638373066626330663131306266383432663362633461663635353230363638346366
31633731346437313730303764616535336436336464326637393532336237373034313239333836
61376364386631616539326433313133326661666534313063353334353065343236643666356561
31316530666236373163393233376161336534656131633666323561646335373238353562363030
38383833303039653566376161366466393333363630333261626433633463643430396563346364
65353965393961646665303261656634643832383261316233353231663434373432616463303466
32666432386335626531353663353438393539343035383439366634333639333839636239633066
61363666303662306462656566313365333838636234343235656265643961656261313133383137
37326661303230346430626135383734653035363337303934633065666561663931333163616335
64643366643437663737316139323461393338323537326239643935643938633831353236323964
66663865643932326330623138363038313330646536393034626330396363663766313432336533
61363665643831613132313731666433373466313864663565623136306433656562313338323462
61383135643534363461396161343366386135666364353733376538373461656665373262313666
35306366656266366361386334373435333437623130366565376165323561326633316463313534
30336164353535613836666131633837643465303764386434303066326565313562643839323131
64666666383666613133323666343937383035373139303938616666353830303737356439396631
37653934313161323165313030653035333835613663666330646238336337333265363163386132
33346165383439626538646563383636656134616663303833623338346131333362646232626130
66393530323837306166343939303931306265363235356664626136356236633963386430343162
36666230303338303966303766633230616362323336653831663531616266623032613666353861
33303864393139616566353033613031613366346333663966393231383039343835333561393539
62633961636139366331303865643339336465613838343835613733663934343631313331303035
38623066663766333836616635613062383031343837663538616661343135333833343561376466
32303839363765386239383033666239326330353831633366656636623365666538623036336533
61613936333762353734633565653166303761663238393839336435366136303639343634646538
64346232323565373935306564316666346163646132303662633761393035363338373663613533
35303534346434386432643738313034303033373139616332326465333438373961663838386535
34633339336331313232663535323036653636656532653236346165396639383835363666636537
66343261323133646233383464396135373236626534623962396335633630323662363062383134
35663132663864373861643332316138363231366364653633626631363332633231376336643632
36313435366361373462333766666663323739363333663163313838336531376564383764393039
31346430653166623435396263356461666337393539643664646563343339613635316130306661
38356635343031393566643838393365623466663264663463396431393562316330636666363032
34386366393562343838363862613063653761363564333262393865643739306566383833366230
32613966656236623834636132366363323539656466636661393631366535666361393564663461
30663032633833393765646133303032663163623439623663386632663865306435363863323138
33366432666130316462303365623633333865343132376533616636386537623265353261323131
36313638613730666565386364336639303164376138366639383765363561366664363861313338
39666137306166646366386161626131653338616138366462343161643132346431396365623466
63633361376534653039316161356430353739313139373533346264636163323064393730343164
34656530393132353636363038363166353833656438393066316337363331393466623530313239
38343264396331666333333433306632376637643761656564356336386438323339643863643332
62306461653263663262383133353936616430353132313036373333373631373438633662356166
65313238663739616139343733313464316331636430643439333266663663303933343532646563
37366532323433373731386239396161313931343430363565663362313463333862653233366264
34363564393332636163646535613364643333373533383462656233643765663531393730653534
36376539343834393635666333303766643937653461346462663561653561656233393431386330
64326232616532643132343265623639326639386435396265343662623335643433646230376139
34316337396537373230356561393165393334653963376130343838316633333262353537373564
39653761623230393430326638613063373035373230313664666635316561613661363365303637
30613065356531653636366136313764643066666534343766303664353864353934343863383033
32616264616637393337613639303235366463633664363738656439646230613763363562653339
66323261376434343261326638626161323034616161326533613134303531643765353065396531
32656135373339356538623465663638386662326232393464306538616561626334366433393461
39656662306135613764623536643737623837333339373534666166313334623334623439323833
34306332343363666232343964326666636232613031626333376635396137663566363230646562
63303639363736356464363932393637346638306361343832306265353634373235393632666266
65306534356663616661326631646335356635373032623239643430613765663366356661323866
35323863643238396461323037393062643061386436656631643162626430386564663134366436
62306132643335363261306465313132383138323735326232306639393130613266306465653464
62626265356334623136333037336235396234633035623562313363613531313737653762633736
64313837323463343931333164373832356237393735663063636563303838643965363563313939
32353362303062633938653836343866623537383332616366313563323336616636386461663463
65323835373564373338343065366531333761653739326631343364323064656462343333336130
37343664646365383265353438653030386535316337666465376362323866636537336134343334
38633534626439613430386164313431383765383634653562353565633232666265346333636337
61313732333135333762343736363466633436343039633731623939383030326136353839383131
34336432356464376635376335323432356437343732326634393862386561393038626364373437
31643130396539353337306565303366376666616634323936313436333732646536643466666137
61623266343432643037653032326565373464343363393363653132393064626539623534656138
66306236663630613033353631653164633738333739653134613836343237323631376235393962
33636261333733313939623461653563316530376233363565646364393137363739643431333266
35373237373933346165356662353933306136393235396331626431326162383363356330333664
34336430633132306434643530326638626361363139613039306437333632306639376437623462
39386564613062333935343730386630653639303362633264323038636638346633303264303737
37306433313936623730646435363563353539396639613961343536326264363237666334346566
66353838376432613361666537396233343831633833653832636330643262343138383334646336
35653534333130396664326562633766353338316539643766363636336666323935306562363230
65363363613438613734386536373032333332383434333262376237623063356365633833643430
62313931356161396464303832313535303434626538623762356234663035383235373836393634
32653038373163613332343262383537386133353063633835666330393835373263633933376265
61383931353435303736666431616135653438333664363039666537326339313062393932303366
39666239383163383935383735323331313130626232616139333964386263373238353638393566
38303633363637616338356535643665366334333363333833376338636434646130653365373139
38363431636361666131343339386561353237346133323061383765366132376366623734343664
30346432656531306330623562363131303432346531323832626262643837663061613738653162
36383765316265623132343532383462383866323164313462633932363634353031613734346461
64313766343666666363396439636130363036396432396532343938336231333030613963333861
33313035393736636561313163656433306634663232316138656437343438613132373666663735
34346465383864643539313238306132623332623166636134346438636434383365613430646666
61326533613630333166643432323931373838303430346536656339343966353335643235623632
30366163383134653335626666643562303533643164316330313766336230383831333134303262
36623165303266663932396236623630663831353131656261366435363766656334623234326331
34623037373535666161666235303135363535393062636165613564396436633065613761376430
65333039383331363036313132653064643236623963633732396430303331343364663364326232
34306639636461626363623738303930356631633632366162323965366134396135316632663961
34393237343465346164663261643463636632343066313164313361643466313631
