$ANSIBLE_VAULT;1.1;AES256
36306264386439633133353336346539373363393263316236326266333539376463333539663135
3130333933643038633635646235396662666363306563320a323439386133353638323864663336
34333965383665333663396338313339386133303563623930666565623932643837323862376233
3661353165313763660a616333343939393135346332653439626231636339303537323236366161
37326165613261396162666633386464366631393461376436333732623262323634343536383461
38653863363930316562353637636536303834376266343937613863323866373336663636663537
64633438653934313034326365386564366336643631646663623439656363306533633265633930
30646262633661333537393862313263383738636263306235363561386435313761656162333761
36373963333266613232366534373738323831653737626564373962636439656266303735616165
32303261393232666636633038626665653139336239666165366634333463646238656635646161
38626263326639653661353634323532373437653035343032643536356631333030363534353736
32333234313633383331663730303932653639323137353530376335363036393662633733303637
31666363646535363466396235633266613962616130376464376437316631653565356461623566
64323435373164303966393838663966633936333434613261323439386565363038663138633631
32666366303538343036323834666334346136643763313734396433386637623031623265626431
33333133363066633136653565623161626666666539336634633832643465643936396264363265
62396130336131323463323231346563663164656339363364633131663634396465663333313062
62346536303263663761613237393430313939393062313561373561383263313332633039356466
63386462323130366164313435373436623039343838306338336637633930363063633237646363
64623961643238343334333765313935323162323735646362313566346363316235356561343031
38323833396236613766373635343438386138356331643261353663646331396631376664383732
62396462646661636635616230616263633338623364353431623036326633386439333938633332
63396333326664376332626535613766383232616330396532656662623234663466393930663539
62366530623639633163313062386665383138346563366663353139333563646533393365643861
31616234633437613266316361313030643235366661303466396136326439356132356234613830
64346230653731313563623834663538346237386139353262303566316263356266323962366661
34313036326463646331356338373737636634663934663766363766616432663764366465653533
33633764333865643233633965343563356637646432663331663263346266323433636434623936
33666236653964336137333061656563393339653661396531383437336466666361366362333839
33613364366630633166356437333338623466663435343834643538343262656432366334663138
32356532643539383262386364366136353861636332306131373237383134383134333934313431
31666234333630663430613330326338636134663139326534643736636135303731363134613033
30396662646261343639353732363436303533663764353132623639626338326363373265643035
37646634343339346639643466333964376334323235383266363963346438343666613439643731
32373435383136396236663764343761623339626331366431623131646130643763356365323466
63323535663039303039323839623031326365623831363663636161313231643339646565336534
39613335353330396432393230646464646537393930616166343665636561363635613232336364
66313635326534376536643765383636613937346166363731313333623533333439636534306362
36383734353763643763616438613131646366626165646637316464646266323332626461336231
35643262623634346666336161613566333065356432366134303034633563356531396139383961
36613435373930353934373566343161633836306233633364346331636164393638353866326539
34303133313839313538666162333361373132623932353034626365643535303330623962613934
36656462356466396232663561333766383037636365303166326166643833383438356139623538
32653538353765356532653638633137663764326664346135383837623261373231653838636132
30376537386262643131373330336361386361656133343536353636643465313063366437663164
32393633313339336665643838313137326366636534343836613766333365353233363565386465
65643763646437303563383630316662653666336563616334336639616561333535323231363661
66336266623638306433656362386266633731326330643439393233343035333832363961373961
38663539636165616266316233356366376133623533633031333334316630353837363936383233
36663834663966636364386239626262373534336239323337616537323164376233633438323139
64653338303236346334653265656237366630336132343931643763313862343132393638373963
39643733643533613462633964393330336666623832613662323066326237326363353861333064
61616134326434333263376264316465626533363764323931363539393165643865373161653766
32636130336437623635363431383066303337623666306130616263623337616263643037353838
65313064306262393237663733613363623837353931383934353534343464376564373138373132
39623161653430666261643039313464396434366133343931613036643835376238393936393535
34343337383936353764386330323961643933303565323737636337303735356163313634336665
39653536323530653334343963313630646163373630316338323062363139313335646262333035
32323136303864396462663431326434373336643865346264653238366663653834623039303962
63626263326537343865343134393065626366663434346332376661303335336663343337376666
33306333643334333664363134396131303135306139303132303132326438643462303633343966
33653138316531383164376336626461366332336431353265333432336634663630373930353266
31393562333738306665306633326530303338613063393266303039623864616162363064623832
65313938363162363662393165646231633938393834653634393338623030323338386231363838
35353262363265396330336165626238333163323532353464366133646338343831353333623539
34636134393334316131303135633663653563626538653862633035383139646439633237366230
62633932353266393166383831396564343966653463643533656138656633376366363064333664
61383663323962346635333333336538363336363765373533643662666632633839353431643336
62343831306639303865363363326532656630366163313539633165373833653461386139636630
38626632316531653331633161363035306335323139653734653238376665326332363039356538
61666139626636396361393835333764313934396564613835366532313436633361363839616330
38306431383131336462663462326264366239306534613830373430383664643838373663363461
31343565633363303965633330306638353536356364393537666339643436313766666361623464
63313934613138343135316633393436396534643066346535303535396235626332313239313435
38303763613462366634303862393333333861313436343562393861613366666433353962653365
63353165633634626661306330663433663839336165343934666664313939366534326664363432
30623862326664373137376633346362623330373665326633616266306265363432613633666561
34323361323239633137396538653962613430333263626162386338623130386232313137386235
64653237373937663139346363373662383234303163653430323935663561386436666635306166
36623466356362613362346335613935326534363832363930653266313030343961366534306234
39383063343535393633346238613562613535636532383938623938376131366435353763376333
31643835323965306461336366656537393436326336633761356435656266353164323435393564
38333265343064393337343664646538316562643035303565333463383034383634313835323464
37343235376532653238343136633930363932336465356434666639343939663362306466313930
37623166663961636161393261653733626630373766616332313165383836316536316236356234
32393166663161373362333335613161366132653836623238666264663431353030666130393238
62623037636636313264653133653861366630323064313561383438333664623838623031386437
36376635353065643239646237306139633565656533326636343262316235356631363433313161
38663963613531646335623135623965316464353235316233373462316262626562323634306235
62303538383862386631363235313532373064396132326430346330316137346237303735643934
34376466616434653634323831376133393866376164303032313336313837346266326131363034
37356664616561613837653333626631376363633364313135353664333437316234323231363831
65326238326266373831373038396464613630343935393832653237653566383838613031316636
30376639373161633434363262633437646331656465623034303433346563646638316262626138
30653462613165313363313030326239633435666530363335653830343462613534396566616537
64366237393331623732306164626536623666313139383164373431303336663031346133643431
66363437643639313266653362626665346633653562343235376531653438623730376535643835
66333862373063653565333739396435376232396662393263646533613332393437303830653266
63636166376263623738356365643437633936633634333363336633343139303562613131346538
64386565366335343535663463643562383063363933306139356438653733323832363766643163
63353739633861303366363764643635373431376631396530636662353537636234393036373235
37333736356336316430623632633636653061636436636361636261376638356430383032373233
33353662363330666533303461366264343138623763613137653934366562376333373435363035
61353437656137313938306130306135656539633864303264613232653764383638613938346135
31353633666638636430366264363138373464343163643338376336633765653663633736623863
32633639343632363735313130636562346566326438333633313334306232636364316433613532
33353334323163343234653165643439623438313664323262343538633738373064613337643834
65356162623739366234386236653732616664366238633837336131373965373339333834353433
31356138356562393333393839663266393065393862373231343234326539396138316464666135
39373235303936363030396262623062643538613166366331303039353137336537363165363330
37373963366565663662383966303933343239343233343635623134646430363538376464363232
36363433386464363366626437366464346265313761333438393665616535336662376131643135
36613337623439386334383138373531356333363039646365316130336661336131633535363031
38326438343439616639373738623538363535376362376535623739653534396137363934313433
64623966393330323561326264633366666364343132643364373336323064633539323262656466
61336630366665613264376366663537613962353037343939383538316262383835313563366335
66643064363031643962333163373233353938303234343731643134383338366562386537336438
36346366626231656139336135653166633365616436393734636233396639656132386266363464
61383835396636313830653838313035613833356639356364383663346435343264656361373231
33376330623261353235386361346362363136383764356239396233666535653837356663346636
36376433353530346337633162316362643536613931636364363665613034306566656436623461
31393561386366633961396633653866373066653431616631346334646265353432333533346463
62613437633766346564346265363161393234323536333933303330346366383037653566666333
66303562393965393166326431313635303735313464636230373136616434373033663862336133
31333739623635336531663737623931336132636433633230663061323761316236303039393035
38333661326338623964623961343531666430313064323135663665336539396366363630353931
30346236633163633430373030616239333137646666326161316439656161653435386362626233
32316635626533613664323162643065336561323331313331666664386464383736363765623835
39356335373637623865626564653163396537626465336531356534333233326462623166386266
31383563323931323432663735393461353766623661303763363238623035333061323161313338
62333239613438313366373630656636373134613832356631373236643639313131373565353061
38353439313835303433373566396137346535633937636132393134356462643939666234303437
36316538383739313032623339306464653561643366633234313063346636333166656464643631
62303762396238326330666430336562653764653065663138626535303131363635643864306636
33666331346361326333643630613932366365306338363439613634623562313261646261343262
34343231323034363939373034663036656366646537353361636530363532353437333838623062
33363362333030386365656334343662333566643264363639316662393861316130303934376264
36396665626330366538326134396663343236613938636165383266316362303163306366396163
63626139643530383135326332623962313533396331656430353333333730633437336165393265
35653936303535336330396137626262343836663664653336346233646262626461356164663831
61646162343533643533616464303665656664386539373839396438353764643965363864636165
39376137633032346238656334613561333061346634356138363663353538303337373332323763
36396564636138646663336333353466306630316466313461653735616134313731393732653031
65653236653836373137313232353533613331653462353666306331613765613263383830316664
36666163633638643432346535356632306566633363386262383066323130316262613165663338
37613436386561336334353366653638303763373261613138316136326638333237383530396331
30323333363336366230383533623939666666383436666663373864666463373238336638376639
38306538613237386263663561343732666334373762396661363335386565386539326135613965
33623262346637356663623830616231356163633036313634613233613438616631326466613639
36613761383636363862613435653265353931363439653436623162366139393036656535373639
39306236646330643863373231633335376532626333323138353538616231613565643736623539
31343431633738643530616635636235316530613637346665366631313162623464323631353866
36663261623837393435313064316235653566306435376331383838393835386536316431346565
36333335623730653238303330373036663662656466613135303438623432636535303730313035
30646434643530643432343765313065363863656536396463303934316630636331316639666537
65313534336234386631323732386462366232613434373339396562346461313438316431363931
33383139626365306334616137333062633461336638623536623637656261663537623836653230
35316337366535323032363330363666386161616165313537393430653766363038633465333137
37316434393664366330633534313562616137626637616139656433383132326264623939373231
66623938656334303562643335393663666331313663333232316465313230363766363938323934
30393132656662393061303261303065663836353433326631366365613833666338656630353731
65623866643661336638346666636131353466306131326638643166636538313766613862613633
38326230633230333838333961636231666339643363336239353633346233316364323865393666
36666631373130376330323962666532316564376130373833666638626163666461633638613164
64383335356464363830313164626237303963393763313961356162363261373039373664633035
33363865303235633764663565366161653732353265333530643130363238326462656437366464
30353262323330623265393134383761633463653532656136656664313532316566653235336430
37383664636134636362653339653563333837646663653066613133666364353062383164333662
39326339363236386363383831346336646534383264366563643538623961323466396366306665
61313930316233376236323137613235316133383935616437316633633766373033343230336538
35666233643261613735383837616463343561316536643436303035633734363937363532363332
31306438353264353931356137363436353833613664666239333837353033636231333235626637
64383233306132316565376161653833303936346634383765323362386662326232
